Name: test ganteng
Username: gua ganteng bnget
 Role: superadmin
 Email: superadmin@gmail.com
 Password: superadmin123
 Face Encoding:

Name: gds
Username: fs
Role: user
Email: sgs
Password: g
Face Encoding: [-0.06420590728521347, 0.055253349244594574, 0.053986359387636185, -0.038187820464372635, -0.033542387187480927, -0.01555749773979187, 0.0037172697484493256, -0.08713499456644058, 0.1360170543193817, -0.1310160756111145, 0.2817932665348053, -0.053588077425956726, -0.21200565993785858, -0.062791608273983, 0.00501935463398695, 0.12625381350517273, -0.26897019147872925, -0.06098693609237671, -0.07244226336479187, -0.01658615842461586, 0.05280844122171402, 0.013614900410175323, 0.03501257672905922, -0.0036271822173148394, -0.1010730117559433, -0.4053303301334381, -0.12700605392456055, -0.11524517089128494, 0.09073298424482346, -0.07724158465862274, 0.013104542158544064, 0.04204725846648216, -0.20187242329120636, 0.0004861205816268921, -0.02594885230064392, 0.035896528512239456, -0.042373280972242355, -0.054846227169036865, 0.21049173176288605, 0.05202922970056534, -0.16864745318889618, 0.05246932804584503, -0.024711236357688904, 0.2541871964931488, 0.1959749311208725, 0.04424873739480972, -0.0007744207978248596, -0.13584183156490326, 0.09149695932865143, -0.20510932803153992, 0.029180314391851425, 0.16543452441692352, 0.07208330929279327, 0.09389764070510864, 0.018206017091870308, -0.035868097096681595, 0.031631968915462494, 0.03983452171087265, -0.2073141485452652, 0.01021234504878521, 0.09169706702232361, -0.0830051526427269, 0.0011835405603051186, -0.057226188480854034, 0.13949067890644073, 0.043462708592414856, -0.08531840145587921, -0.10890816152095795, 0.11041034758090973, -0.18548841774463654, -0.04487213119864464, 0.07517879456281662, -0.13076750934123993, -0.20581141114234924, -0.28429093956947327, 0.04444243758916855, 0.3751635253429413, 0.14977145195007324, -0.11162497103214264, -0.0008956249803304672, -0.06284977495670319, -0.08401550352573395, 0.15908756852149963, 0.13189513981342316, -0.00895501859486103, -0.04689968377351761, -0.03429559990763664, 0.13743840157985687, 0.18771010637283325, -0.09591840952634811, -0.018008796498179436, 0.21733391284942627, -0.02857223153114319, 0.051883481442928314, -0.02133726142346859, 0.008498540148139, -0.02147628180682659, 0.04232599213719368, -0.09061970561742783, 0.0446324422955513, 0.02772253006696701, -0.016903765499591827, -0.004392854869365692, 0.06944771111011505, -0.14348269999027252, 0.12115082889795303, 0.013328972272574902, -0.08277217298746109, 0.05196921154856682, -0.05799301713705063, -0.0997929722070694, -0.04525762423872948, 0.13730955123901367, -0.26748567819595337, 0.21119718253612518, 0.23186495900154114, 0.001321735791862011, 0.10801789164543152, 0.015854228287935257, 0.07173026353120804, -0.05529877170920372, -0.061900679022073746, -0.21540237963199615, -0.022022319957613945, 0.06940227001905441, 0.05640503764152527, 0.03449389711022377, -0.0818568542599678]

